184
246
154
246
245
183
370
151
365
325
358
337
252
368
143
372
348
304
356
371
232
354
231
374
374
352
322
177
177
351
50
376
314
326
365
378
332
362
326
342
370
350
218
300
334
187
323
223
344
371
329
226
43
230
175
342
133
352
102
328
342
179
194
323
326
39
179
322
313
215
325
338
339
62
42
328
345
41
231
327
295
206
68
91
330
210
313
337
154
235
287
311
210
328
159
95
178
128
364
239
239
93
333
327
158
84
234
37
162
218.4
361.2
234
344.4
352.8
223.2
326.4
321.6
226.8
228
378
183.6
375.6
374.4
348
351.6
231.6
231.6
354
340.8
357.6
176.4
142.8
43.2
367.2
369.6
244.8
244.8
246
372
252
182.4
50.4
374.4
175.2
364.8
177.6
313.2
370.8
326.4
345.6
159.6
332.4
90
187.2
330
234
354
370.8
154.8
240
207.6
330
322.8
178.8
358.8
181.2
351.6
157.2
350.4
194.4
292.8
325.2
168
87.6
344.4
210
336
364.8
78
325.2
210
314.4
234
338.4
241.2
348
214.8
235.2
68.4
154.8
62.4
332.4
94.8
326.4
64.8
69.6
164.4
423.6
310.8
181.92
179.04
251.04
177.6
176.16
174.72
304.32
253.92
150.24
209.28
357.6
232.32
321.6
374.88
301.44
377.76
226.56
143.04
229.44
353.28
374.88
50.88
353.28
232.32
367.68
246.72
223.68
183.36
183.36
351.84
312.96
324.48
370.56
245.28
364.8
245.28
344.64
348.96
367.68
167.52
240.96
325.92
292.8
354.72
156
207.84
243.84
347.52
217.92
160.32
336
187.68
344.64
328.8
351.84
240.96
359.04
157.44
94.08
228
196.32
209.28
372
330.24
323.04
346.08
333.12
350.4
320.16
215.04
235.2
325.92
423.84
233.76
325.92
232.896
321.024
312.384
227.712
175.872
343.488
175.872
378.048
251.904
246.72
231.168
374.592
177.6
346.944
253.632
348.672
369.408
244.992
243.264
352.128
353.856
353.856
305.472
324.48
181.056
222.528
227.712
149.952
143.04
362.496
359.04
186.24
239.808
225.984
65.28
348.672
346.944
422.976
234.624
302.016
92.928
357.312
319.296
340.032
229.44
232.896
215.616
331.392
329.664
350.4
181.056
208.704
217.344
326.208
160.32
326.208
234.624
417.792
210.432
208.704
322.752
167.232
208.704
324.48
177.254
378.394
177.254
314.112
305.818
247.757
175.181
181.402
243.61
341.069
370.099
243.61
239.462
239.462
235.315
144.077
150.298
357.658
359.731
160.666
361.805
162.739
266.419
183.475
343.142
233.242
359.731
347.29
164.813
233.242
94.3103
227.021
224.947
135.782
218.726
216.653
187.622
353.51
303.744
330.701
320.333
272.64
349.363
67.3535
351.437
210.432
197.99
191.77
222.874
216.653
374.246
238.633
305.818
186.378
181.402
178.913
176.425
176.425
360.561
253.563
365.537
149.053
368.026
213.75
273.469
233.656
159.007
163.983
241.121
246.098
163.983
243.61
353.096
360.561
313.283
360.561
144.077
377.979
178.913
183.89
333.189
353.096
266.004
136.612
163.983
345.631
350.607
318.259
348.119
231.168
323.236
163.983
166.472
320.747
208.773
163.486
378.477
151.542
175.43
175.43
181.402
315.771
244.107
247.093
303.827
315.771
360.561
166.472
166.472
232.163
232.163
160.5
181.402
241.121
187.373
351.603
267.995
262.023
259.037
348.617
226.191
330.701
348.617
360.561
321.743
351.603
157.514
163.486
157.514
360.561
247.093
168.263
229.177
254.26
175.43
239.927
179.013
315.174
304.424
268.592
161.097
243.51
186.179
239.927
150.347
354.589
265.009
161.097
164.68
347.422
236.344
247.093
175.43
261.426
232.76
186.179
358.172
222.011
168.263
193.345
164.68
247.093
